0
362
818
1064
1816
2300
2534
2668
3234
3702
4078
4694
4786
4846
6154
6258
6724
8186
8320
8434
9322
9870
10386
10544
10860
11178
11936
12554
12960
13204
13400
13436
14030
14236
14668
14802
14864
14922
15246
15292
15318
15898
16162
17150
19250
19768
20622
20638
20884
21236
21330
21696
22184
22586
23150
23396
23734
24014
25018
25478
28402
30430
30720
31570
31770
32018
32100
32142
33560
33828
34040
34364
34584
35358
36166
36406
36786
36976
37442
37972
38062
38400
38608
40072
40240
40870
41114
41158
41512
41698
42000
42032
42308
43156
43668
43976
44700
45896
46492
46704
47042
