0
274
336
704
1308
1622
1808
2144
2158
2192
2226
2510
2736
3834
4598
4908
5550
6574
7122
7358
7744
7958
8062
8388
8434
8688
9524
10552
10890
11316
11568
11612
11948
12716
12840
13188
13406
14826
15036
15564
16182
16444
16836
17186
18400
18914
22410
24496
24654
24868
25216
25624
25826
25980
26084
26632
27364
27872
27914
28892
28932
29288
30092
31034
32232
32616
32658
33318
33502
33824
35644
35894
36260
37360
38102
38480
38670
39110
39758
39800
40234
41998
42464
43464
43508
44262
44762
44980
45328
46236
48340
48654
48938
48958
50030
50600
50696
51022
51420
51838
52398
