0
28
558
602
862
1390
1496
1920
2716
2758
3248
3896
4736
4794
4830
5060
6762
7026
7244
7684
7936
8838
9866
10136
10466
10884
11130
11216
11218
11806
12306
12460
12520
12588
13748
14048
14348
14618
14750
15176
15548
16804
17392
21216
23624
23950
24862
25234
25438
27164
27372
27970
27994
28420
29112
29528
29734
30096
30104
30146
30192
30482
31664
32412
32730
33564
34690
35398
35650
36134
36386
36598
36850
37248
38404
38794
38986
39138
39242
39256
40144
40848
40916
40950
41254
43408
43788
44624
45850
47106
47512
47554
48208
48378
48618
48968
50106
50864
51048
51500
52332
