0
198
512
638
2768
3022
3392
4464
5230
5414
5858
6772
6786
7148
8434
8516
12278
12588
12866
13240
14676
15926
16322
18306
18930
20112
20440
21436
21666
22426
23002
23654
25056
25154
25366
25786
26202
26262
26698
26744
26776
27336
27836
28762
29440
30074
30108
30550
31098
32820
33190
33342
33724
33816
34680
35216
36542
36760
37586
38300
39870
40180
43200
44084
44360
45252
45734
46240
46288
46310
46456
46788
47120
47204
47410
47458
47586
51114
51476
51520
53578
54066
54294
55082
55398
56360
56986
57300
57768
57862
58032
59288
59426
61730
61962
62234
62606
62698
62980
63430
63838
